;Exported by: garry
;Date:        Thu Mar 16 17:56:11 2006
;File:        D:\-Projects-\-3DWork-\Model\Авто-мото\dodgeWC51\hi-poly\DodgeWC51_xx.max
{Skeleton
	{bone "basis"
		{Orientation
			1	0	0
			0	-1	0
			0	0	1
		}
		{bone "body"
			{parameters "ID=body;"}
			{Position 1.92418	0	21.5848}
			{VolumeView "body_armored.ply"}
			{bone revolute "steerrudder"
				{parameters "WheelRadius=0.2;"}
				{Matrix34
					0.642788	0	0.766044
					0	1	0
					-0.766044	0	0.642788
					9.89842	6.75918	0.435654
				}
				{VolumeView "steerrudder.ply"}
			}
			{bone revolute "turret"
				{parameters "ID=turret;"}
				{limits -45 45}
				{Position -17.8484	-1.57015	6.67946}
				{VolumeView "turret.ply"}
				{bone "shieldl5"
					{Position 2.81662	1.45515	10.9053}
					{VolumeView "shieldl5.ply"}
				}
				{bone revolute "part6"
					{limits -5 30}
					{Matrix34
						1	0	0
						0	0	1
						0	-1	0
						0.144468	-5.81545	13.6757
					}
					{VolumeView "part6.ply"}
				}
				{bone revolute "mgun_rot"
					{limits -5 60}
					{Matrix34
						1	0	0
						0	0	1
						0	-1	0
						-0.552692	1.48975	10.362
					}
					{bone "mgun"
						{Position -0.999857	0	0}
					}
				}
			}
			{bone "shieldl3"
				{Position 3.96845	0.0013894	-0.268627}
				{VolumeView "shieldl3.ply"}
			}
			{bone "shieldl2"
				{Position 3.96845	0.0013894	-0.268627}
				{VolumeView "shieldl2.ply"}
			}
			{bone "shieldl1"
				{Position 3.96845	0.0013894	-0.268627}
				{VolumeView "shieldl1.ply"}
			}
			{bone "shieldr3"
				{Position 3.96845	0.0013894	-0.268627}
				{VolumeView "shieldr3.ply"}
			}
			{bone "shieldr2"
				{Position 3.96845	0.0013894	-0.268627}
				{VolumeView "shieldr2.ply"}
			}
			{bone "shieldr1"
				{Position 3.96845	0.0013894	-0.268627}
				{VolumeView "shieldr1.ply"}
			}
			{bone "shieldr4"
				{Position 3.96845	0.0013894	-0.268627}
				{VolumeView "shieldr4.ply"}
			}
			{bone "shieldl4"
				{Position 3.96845	0.0013894	-0.268627}
				{VolumeView "shieldl4.ply"}
			}
		}
		{bone "pivot_back"
			{Position -21.2802	0.166303	8.30848}
			{VolumeView "pivot_back.ply"}
			{bone "spring_l"
				{Position 0.0485001	15.956	0.0555611}
				{bone "wheell2"
					{parameters "ID=wheelleft2;"}
					{Orientation
						0	0	1
						1	0	0
						0	1	0
					}
					{VolumeView "wheell2.ply"}
				}
			}
			{bone "spring_r"
				{Position 0.0484962	-16.2289	0.0555582}
				{bone "wheelr2"
					{parameters "ID=wheelright2;"}
					{Matrix34
						0	0	1
						1	0	0
						0	1	0
						0	0	0
					}
					{VolumeView "wheelr2.ply"}
				}
			}
		}
		{bone "pivot_front"
			{Position 26.881	0.166303	8.30848}
			{VolumeView "pivot_front.ply"}
			{bone revolute "steer_l"
				{Matrix34
					-1	0	0
					0	1	0
					0	0	-1
					0.0547466	15.956	0.055563
				}
				{bone "wheell1"
					{parameters "ID=wheelleft1;"}
					{Matrix34
						1	0	0
						0	0	-1
						0	1	0
						0	0	0
					}
					{VolumeView "wheell1.ply"}
				}
			}
			{bone revolute "steer_r"
				{Matrix34
					-1	0	0
					0	1	0
					0	0	-1
					0.0547428	-16.2158	0.055562
				}
				{bone "wheelr1"
					{parameters "ID=wheelright1;"}
					{Matrix34
						1	0	0
						0	0	-1
						0	1	0
						0	0	0
					}
					{VolumeView "wheelr1.ply"}
				}
			}
		}
	}
}
{Volume "body1"
	{Box 78.5485 40.7134 10.2451}
	{Bone "body"}
	{Position -2.90216	0	-5.05234}
}
{Volume "body2"
	{Box 7.87402 40.4488 7.87402}
	{Bone "body"}
	{Matrix34
		0.707107	0	0.707107
		0	1	0
		-0.707107	0	0.707107
		-42.1686	-0.0402749	-4.83479
	}
}
{Volume "body3"
	{Box 7.87402 40.4488 7.87402}
	{Bone "body"}
	{Matrix34
		0.866026	0	0.5
		0	1	0
		-0.5	0	0.866026
		36.5155	-0.0402816	-5.19293
	}
}
{Volume "part6"
	{Cylinder 1.03982 28.5}
	{Bone "part6"}
	{Matrix34
		0	0	1
		0	1	0
		-1	0	0
		1.61759	0.347672	0.0286903
	}
}
{Volume "shieldl1"
	{Box 29 6.4 0.5}
	{Bone "shieldl1"}
	{Matrix34
		0.977543	-0.210737	0
		0	0	1
		-0.210737	-0.977543	0
		24.2197	11.2311	1.74968
	}
}
{Volume "shieldl2"
	{Box 16.8 24.35 0.5}
	{Bone "shieldl2"}
	{Matrix34
		0.913297	-0.407295	0
		0	0	1
		-0.407295	-0.913297	0
		2.31672	17.5633	2.22297
	}
}
{Volume "shieldl3"
	{Box 37.5 22.5 0.5}
	{Bone "shieldl3"}
	{Matrix34
		1	0	0
		0	0	1
		0	-1	0
		-23.9834	20.5264	-3.4476
	}
}
{Volume "shieldl4"
	{Box 28.5 9.5 0.5}
	{Bone "shieldl4"}
	{Matrix34
		0	-1	0
		0	0	1
		-1	0	0
		9.94678	-0.0305524	9.39336
	}
}
{Volume "shield5"
	{Box 20.6448 20.3308 0.392488}
	{Bone "shieldl5"}
	{Matrix34
		0	-1	0
		-0.258404	0	0.966037
		-0.966037	0	-0.258404
		2.17324	-0.0539282	0.147974
	}
}
{Volume "shieldr1"
	{Box 29 6.4 0.5}
	{Bone "shieldr1"}
	{Matrix34
		0.979174	0.203024	0
		0	0	1
		0.203024	-0.979174	0
		24.3231	-11.2882	1.74968
	}
}
{Volume "shieldr2"
	{Box 16.8 24.35 0.5}
	{Bone "shieldr2"}
	{Matrix34
		0.9133	0.407288	0
		0	0	1
		0.407288	-0.9133	0
		2.31498	-17.632	2.22297
	}
}
{Volume "shieldr3"
	{Box 37.5 22.5 0.5}
	{Bone "shieldr3"}
	{Matrix34
		1	0	0
		0	0	1
		0	-1	0
		-23.9834	-20.5748	-3.4476
	}
}
{Volume "shieldr4"
	{Polyhedron "shieldr4.vol"}
	{Bone "shieldr4"}
	{Position 38.8532	0.0149745	-7.9592}
}
{Volume "wheell1"
	{Cylinder 4.1081 3.65805}
	{Bone "wheell1"}
	{Matrix34
		0	1	0
		-1	0	0
		0	0	1
		0	0	-0.0165029
	}
}
{Volume "wheell2"
	{Cylinder 4.06842 3.63944}
	{Bone "wheell2"}
	{Position 0	0	0.013987}
}
{Volume "wheelr1"
	{Cylinder 4.07604 3.73232}
	{Bone "wheelr1"}
	{Matrix34
		0	1	0
		-1	0	0
		0	0	1
		0	0	0.0478458
	}
}
{Volume "wheelr2"
	{Cylinder 3.99526 3.82664}
	{Bone "wheelr2"}
	{Position 0	0	-0.0310366}
}
