;Exported by: Normand
;Date:        Sat Apr 24 12:32:24 2021
;File:        C:\Users\Normand\m1_90mm_xx.max
{Skeleton
	{bone "basis"
		{Orientation
			1	0	0
			0	-1	0
			0	0	1
		}
		{bone "body"
			{parameters "ID=body;"}
			{Matrix34
				-1	0	0
				0	-0.998812	-0.0487383
				0	-0.0487383	0.998812
				9.74107	-0.904297	0.269054
			}
			{VolumeView "body.ply"}
			{bone "cover2"
				{parameters "ID=body;"}
				{Position 34.4906	2.00002	7.08759}
				{VolumeView "cover2.ply"}
				{bone "cover4"
					{parameters "ID=body;"}
					{Position -37.8346	-2.00002	0.0797524}
					{VolumeView "cover4.ply"}
				}
			}
			{bone revolute "turret"
				{parameters "ID=turret;"}
				{Matrix34
					0.997419	-0.00343341	-0.0717242
					0	0.998856	-0.0478151
					0.0718064	0.0476917	0.996278
					4.40727	0	5.81742
				}
				{VolumeView "turret.ply"}
				{bone revolute "gun_rot"
					{parameters "ID=gun;"}
					{limits -15 55}
					{Matrix34
						1	0	0
						0	0	1
						0	-1	0
						-9.12384	0.0148306	25.7751
					}
					{VolumeView "gun_rot.ply"}
					{bone "gun"
						{parameters "ID=gun;"}
						{Matrix34
							1	0	0
							0	0	-1
							0	1	0
							16.2019	1.83104	0.0549052
						}
						{VolumeView "gun.ply"}
					}
				}
				{bone "seat"
					{parameters "ID=turret;"}
					{Position 0	8.38769	14.114}
					{VolumeView "seat.ply"}
				}
			}
			{bone "cover1"
				{parameters "ID=body;"}
				{Position 34.2756	-1.90708	7.08759}
				{VolumeView "cover1.ply"}
				{bone "cover3"
					{parameters "ID=body;"}
					{Position -37.6196	1.90708	0.0797524}
					{VolumeView "cover3.ply"}
				}
			}
			{bone "standr"
				{parameters "ID=body;"}
				{Matrix34
					0.999962	-0.008716	-0.000425316
					0.00872629	0.998563	0.052876
					-3.61619e-005	-0.0528777	0.998601
					0	13.3113	6.0722
				}
				{VolumeView "standr.ply"}
				{bone "part2"
					{parameters "ID=body;"}
					{Position 0	32.7647	-4.93443}
					{VolumeView "stand2_1.ply"}
				}
			}
			{bone "standl"
				{parameters "ID=body;"}
				{Matrix34
					1	0	0
					0	0.997985	0.0634458
					0	-0.0634458	0.997985
					0	-13.3151	6.07352
				}
				{VolumeView "standl.ply"}
				{bone "part1"
					{parameters "ID=body;"}
					{Position 0	-32.763	-4.93264}
					{VolumeView "stand1_1.ply"}
				}
			}
			{bone "stand3"
				{parameters "ID=body;"}
				{Position -5.58173	0	6.07134}
				{VolumeView "stand3.ply"}
				{bone "part3"
					{parameters "ID=body;"}
					{Position -32.7602	0	-4.92975}
					{VolumeView "stand3_1.ply"}
				}
			}
		}
		{bone "pivot_front"
			{Position -27.5676	-0.862561	9.91837}
			{bone "suspension"
				{parameters "CommonMesh;ID=body;"}
				{Matrix34
					-1	0	0
					0	-1	0
					0	0	1
					0.00162506	-0.00330776	-0.00865269
				}
				{VolumeView "suspension.ply"}
				{bone revolute "wheelr"
					{parameters "CommonMesh;ID=wheelright;"}
					{Matrix34
						1	0	0
						0	0	1
						0	1	0
						0.000305176	-0.225701	-8.86917e-005
					}
					{VolumeView "wheelr.ply"}
				}
				{bone revolute "wheell"
					{parameters "CommonMesh;ID=wheelleft;"}
					{Matrix34
						1	0	0
						0	0	1
						0	1	0
						0.000305176	0.222554	-8.86917e-005
					}
					{VolumeView "wheell.ply"}
				}
			}
		}
	}
}
{Volume "body2"
	{Polyhedron "body2.vol"}
	{Bone "body"}
	{Matrix34
		0	-1	0
		1	0	0
		0	0	1
		60.9876	-0.102005	0.382913
	}
}
{Volume "body"
	{Box 55 19.3408 6}
	{Bone "body"}
	{Position 15.6374	0.00570327	3.18718}
}
{Volume "gun2"
	{Box 10.6823 7.24105 9.5}
	{Bone "gun"}
	{Matrix34
		-1	0	0
		0	-1	0
		0	0	1
		-13.5756	0.000186991	0.274471
	}
}
{Volume "gun_rot"
	{Box 37 10.3239 3.44129}
	{Bone "gun_rot"}
	{Matrix34
		-1	0	0
		0	0	1
		0	1	0
		27.2273	-3.56257	-0.0349179
	}
}
{Volume "gun"
	{Cylinder 2.24375 99}
	{Bone "gun"}
	{Matrix34
		0	1	0
		0	0	1
		1	0	0
		41.2565	0.0278062	0.230795
	}
}
{Volume "part1"
	{Polyhedron "stand1_1.vol"}
	{Bone "part1"}
	{Matrix34
		-1	0	0
		0	-1	0
		0	0	1
		0.0376968	-18.5341	-0.757966
	}
}
{Volume "part2"
	{Polyhedron "stand2_1.vol"}
	{Bone "part2"}
	{Position 0.0559349	18.3798	-0.754854}
}
{Volume "part3"
	{Polyhedron "stand3_1.vol"}
	{Bone "part3"}
	{Matrix34
		0	1	0
		-1	0	0
		0	0	1
		-18.4324	0.0363812	-0.758676
	}
}
{Volume "stand3"
	{Box 5.06384 36 6.5}
	{Bone "stand3"}
	{Matrix34
		0	1	0
		-1	0	0
		0	0	1
		-15.1891	0.0363736	-2.43842
	}
}
{Volume "standl"
	{Box 5.06384 36 6.5}
	{Bone "standl"}
	{Matrix34
		-1	0	0
		0	-1	0
		0	0	1
		0.0377035	-15.2934	-2.44061
	}
}
{Volume "standr"
	{Box 5.06384 36 6.5}
	{Bone "standr"}
	{Position 0.0559273	15.141	-2.43929}
}
{Volume "turret1"
	{Polyhedron "turret1.vol"}
	{Bone "turret"}
	{Matrix34
		-1	0	0
		0	-1	0
		0	0	1
		-1.8087	-0.029789	5.59228
	}
}
{Volume "turret2"
	{Cylinder 12.2815 4}
	{Bone "turret"}
	{Matrix34
		-1	0	0
		0	-1	0
		0	0	1
		0.129609	0.0757616	3.75114
	}
}
{Volume "turret3"
	{Cylinder 3.52508 21.0495}
	{Bone "turret"}
	{Matrix34
		0	1	0
		0	0	1
		1	0	0
		15.8586	3.76909	10.3895
	}
}
{Volume "wheelleft"
	{Cylinder 10.25 8}
	{Bone "wheell"}
	{Matrix34
		-1	0	0
		0	1	0
		0	0	1
		-0.000535946	-0.00109388	-0.0199716
	}
}
{Volume "wheelright"
	{Cylinder 10.25 8}
	{Bone "wheelr"}
	{Matrix34
		-1	0	0
		0	1	0
		0	0	1
		-0.000535946	-0.00109387	0.0183782
	}
}
