;Exported by:	 TigerF
;Date:			 20.12.2020 11:55:48
;File:			 D:\PROGRAMS\3ds_max\3dsmax9_saves\scenes\Early WW2 tanks\russian\t26_all ver\kht26\kht26_xx.max
{skeleton
	{bone "basis"
		{orientation
			1 	 0 	 0
			0 	 -1 	 0
			0 	 0 	 1
		}
		{bone "body"
			{parameters "id=body;"}
			{matrix34
				0.9984 	 -0.0441 	 -0.0352
				0.0455 	 0.9981 	 0.0411
				0.0333 	 -0.0427 	 0.9985
				1.3126 	 0.0002 	 8.7013
			}
			{VolumeView "body.ply"}
			{bone revolute "turret"
				{parameters "id=turret;"}
				{matrix34
					0.9026 	 0.4305 	 0
					-0.4305 	 0.9026 	 0
					0 	 0 	 1
					-3.829 	 -9.7655 	 21.3073
				}
				{VolumeView "turret.ply"}
			}
			{bone revolute "part1"
				{parameters "id=part1;"}
				{matrix34
					0.9984 	 0.0455 	 0.0333
					-0.0441 	 0.9981 	 -0.0427
					-0.0352 	 0.0411 	 0.9985
					37.9327 	 20.6264 	 5.8126
				}
				{VolumeView "part1.ply"}
			}
			{bone revolute "part2"
				{parameters "id=part2;"}
				{matrix34
					1 	 0 	 0
					0 	 0 	 -1
					0 	 1 	 0
					-36.7404 	 -20.3803 	 0.314
				}
				{VolumeView "part2.ply"}
			}
		}
	}
}
{volume "body1"
	{polyhedron "body1.vol"}
	{bone "body"}
	{Position 14.2647 	 -0.0357 	 5.8083}
}
{volume "body2"
	{polyhedron "body2.vol"}
	{bone "body"}
	{Position 0.6615 	 -0.0357 	 16.8464}
}
{volume "body3"
	{polyhedron "body3.vol"}
	{bone "body"}
	{Position 14.46 	 -9.7319 	 16.6678}
}
{volume "body4"
	{polyhedron "body4.vol"}
	{bone "body"}
	{Position 17.2133 	 -9.732 	 13.7213}
}
{volume "breech"
	{box 9.70461 2.4397 2.62837}
	{bone "turret"}
	{matrix34
		1 	 0 	 0
		0 	 0 	 1
		0 	 -1 	 0
		4.8896 	 2.2901 	 3.924
	}
}
{volume "engine"
	{polyhedron "engine.vol"}
	{bone "body"}
	{Position -26.5258 	 -0.0357 	 5.8083}
}
{volume "part1"
	{cylinder 6.87088 4.30804}
	{bone "part1"}
	{matrix34
		0.9994 	 -0.0005 	 -0.0334
		0.0333 	 -0.0427 	 0.9985
		-0.0019 	 -0.9991 	 -0.0426
		-0.0539 	 -0.2484 	 -0.077
	}
}
{volume "part2"
	{cylinder 6.2525 4.30804}
	{bone "part2"}
	{matrix34
		1 	 0 	 0
		0 	 -1 	 0
		0 	 0 	 -1
		0.0798 	 0.0293 	 0.0514
	}
}
{volume "trackleft"
	{polyhedron "trackleft.vol"}
	{bone "body"}
	{matrix34
		0.9993 	 0.0106 	 0.0348
		-0.0092 	 0.9991 	 -0.0415
		-0.0352 	 0.0411 	 0.9985
		-0.413 	 20.9817 	 1.794
	}
}
{volume "trackright"
	{polyhedron "trackright.vol"}
	{bone "body"}
	{matrix34
		0.9994 	 0.0019 	 0.0352
		-0.0005 	 0.9992 	 -0.0412
		-0.0352 	 0.0411 	 0.9985
		1.406 	 -20.2287 	 3.5558
	}
}